   1.1321959935537125     
   1.0730839178157212     
  0.60590363701671723     
  0.53503027244117940     
   1.3869446782442894     
   1.0955570834259760     
  0.58516698872427553     
  0.65446952240694867     
  0.69789364179878222     
   1.0421045389097698     
  0.84571329128704598     
   1.3482212798921913     
   1.1157981069568470     
  0.53751206667190587     
   1.4672878254809563     
   1.2335417396860289     
   1.1968899925576268     
  0.61919222005617880     
  0.61620085837939476     
  0.65979634143162769     